 31 35 37 39 180.0 0.0
 29 33 31 35 120.0 2.5
 31 24 29 27 120.0 2.5
 158 162 164 166 180.0 0.0
 156 160 158 162 120.0 2.5
 158 151 156 154 120.0 2.5
 285 289 291 293 180.0 0.0
 283 287 285 289 120.0 2.5
 285 278 283 281 120.0 2.5
 412 416 418 420 180.0 0.0
 410 414 412 416 120.0 2.5
 412 405 410 408 120.0 2.5
 613 617 619 621 180.0 0.0
 611 615 613 617 120.0 2.5
 613 606 611 609 120.0 2.5
 740 744 746 748 180.0 0.0
 738 742 740 744 120.0 2.5
 740 733 738 736 120.0 2.5
 867 871 873 875 180.0 0.0
 865 869 867 871 120.0 2.5
 867 860 865 863 120.0 2.5
 994 998 1000 1002 180.0 0.0
 992 996 994 998 120.0 2.5
 994 987 992 990 120.0 2.5
 1121 1125 1127 1129 180.0 0.0
 1119 1123 1121 1125 120.0 2.5
 1121 1114 1119 1117 120.0 2.5
 1248 1252 1254 1256 180.0 0.0
 1246 1250 1248 1252 120.0 2.5
 1248 1241 1246 1244 120.0 2.5
 1375 1379 1381 1383 180.0 0.0
 1373 1377 1375 1379 120.0 2.5
 1375 1368 1373 1371 120.0 2.5
 1502 1506 1508 1510 180.0 0.0
 1500 1504 1502 1506 120.0 2.5
 1502 1495 1500 1498 120.0 2.5
 1703 1707 1709 1711 180.0 0.0
 1701 1705 1703 1707 120.0 2.5
 1703 1696 1701 1699 120.0 2.5
 1830 1834 1836 1838 180.0 0.0
 1828 1832 1830 1834 120.0 2.5
 1830 1823 1828 1826 120.0 2.5
 1957 1961 1963 1965 180.0 0.0
 1955 1959 1957 1961 120.0 2.5
 1957 1950 1955 1953 120.0 2.5
 2084 2088 2090 2092 180.0 0.0
 2082 2086 2084 2088 120.0 2.5
 2084 2077 2082 2080 120.0 2.5
 2211 2215 2217 2219 180.0 0.0
 2209 2213 2211 2215 120.0 2.5
 2211 2204 2209 2207 120.0 2.5
 2338 2342 2344 2346 180.0 0.0
 2336 2340 2338 2342 120.0 2.5
 2338 2331 2336 2334 120.0 2.5
 2539 2543 2545 2547 180.0 0.0
 2537 2541 2539 2543 120.0 2.5
 2539 2532 2537 2535 120.0 2.5
 2666 2670 2672 2674 180.0 0.0
 2664 2668 2666 2670 120.0 2.5
 2666 2659 2664 2662 120.0 2.5
 2793 2797 2799 2801 180.0 0.0
 2791 2795 2793 2797 120.0 2.5
 2793 2786 2791 2789 120.0 2.5
 2920 2924 2926 2928 180.0 0.0
 2918 2922 2920 2924 120.0 2.5
 2920 2913 2918 2916 120.0 2.5
 3047 3051 3053 3055 180.0 0.0
 3045 3049 3047 3051 120.0 2.5
 3047 3040 3045 3043 120.0 2.5
 3248 3252 3254 3256 180.0 0.0
 3246 3250 3248 3252 120.0 2.5
 3248 3241 3246 3244 120.0 2.5
 3375 3379 3381 3383 180.0 0.0
 3373 3377 3375 3379 120.0 2.5
 3375 3368 3373 3371 120.0 2.5
 3502 3506 3508 3510 180.0 0.0
 3500 3504 3502 3506 120.0 2.5
 3502 3495 3500 3498 120.0 2.5
 3703 3707 3709 3711 180.0 0.0
 3701 3705 3703 3707 120.0 2.5
 3703 3696 3701 3699 120.0 2.5
 3904 3908 3910 3912 180.0 0.0
 3902 3906 3904 3908 120.0 2.5
 3904 3897 3902 3900 120.0 2.5
 4253 4257 4259 4261 180.0 0.0
 4251 4255 4253 4257 120.0 2.5
 4253 4246 4251 4249 120.0 2.5
 4380 4384 4386 4388 180.0 0.0
 4378 4382 4380 4384 120.0 2.5
 4380 4373 4378 4376 120.0 2.5
 4507 4511 4513 4515 180.0 0.0
 4505 4509 4507 4511 120.0 2.5
 4507 4500 4505 4503 120.0 2.5
 4634 4638 4640 4642 180.0 0.0
 4632 4636 4634 4638 120.0 2.5
 4634 4627 4632 4630 120.0 2.5
 4761 4765 4767 4769 180.0 0.0
 4759 4763 4761 4765 120.0 2.5
 4761 4754 4759 4757 120.0 2.5
 4888 4892 4894 4896 180.0 0.0
 4886 4890 4888 4892 120.0 2.5
 4888 4881 4886 4884 120.0 2.5
 5015 5019 5021 5023 180.0 0.0
 5013 5017 5015 5019 120.0 2.5
 5015 5008 5013 5011 120.0 2.5
 5142 5146 5148 5150 180.0 0.0
 5140 5144 5142 5146 120.0 2.5
 5142 5135 5140 5138 120.0 2.5
 5269 5273 5275 5277 180.0 0.0
 5267 5271 5269 5273 120.0 2.5
 5269 5262 5267 5265 120.0 2.5
 5396 5400 5402 5404 180.0 0.0
 5394 5398 5396 5400 120.0 2.5
 5396 5389 5394 5392 120.0 2.5
 5597 5601 5603 5605 180.0 0.0
 5595 5599 5597 5601 120.0 2.5
 5597 5590 5595 5593 120.0 2.5
 5724 5728 5730 5732 180.0 0.0
 5722 5726 5724 5728 120.0 2.5
 5724 5717 5722 5720 120.0 2.5
 5851 5855 5857 5859 180.0 0.0
 5849 5853 5851 5855 120.0 2.5
 5851 5844 5849 5847 120.0 2.5
 6052 6056 6058 6060 180.0 0.0
 6050 6054 6052 6056 120.0 2.5
 6052 6045 6050 6048 120.0 2.5
 6179 6183 6185 6187 180.0 0.0
 6177 6181 6179 6183 120.0 2.5
 6179 6172 6177 6175 120.0 2.5
 6380 6384 6386 6388 180.0 0.0
 6378 6382 6380 6384 120.0 2.5
 6380 6373 6378 6376 120.0 2.5
 6507 6511 6513 6515 180.0 0.0
 6505 6509 6507 6511 120.0 2.5
 6507 6500 6505 6503 120.0 2.5
 6708 6712 6714 6716 180.0 0.0
 6706 6710 6708 6712 120.0 2.5
 6708 6701 6706 6704 120.0 2.5
 6909 6913 6915 6917 180.0 0.0
 6907 6911 6909 6913 120.0 2.5
 6909 6902 6907 6905 120.0 2.5
 7036 7040 7042 7044 180.0 0.0
 7034 7038 7036 7040 120.0 2.5
 7036 7029 7034 7032 120.0 2.5
 7163 7167 7169 7171 180.0 0.0
 7161 7165 7163 7167 120.0 2.5
 7163 7156 7161 7159 120.0 2.5
 7290 7294 7296 7298 180.0 0.0
 7288 7292 7290 7294 120.0 2.5
 7290 7283 7288 7286 120.0 2.5
 7417 7421 7423 7425 180.0 0.0
 7415 7419 7417 7421 120.0 2.5
 7417 7410 7415 7413 120.0 2.5
 7544 7548 7550 7552 180.0 0.0
 7542 7546 7544 7548 120.0 2.5
 7544 7537 7542 7540 120.0 2.5
 7671 7675 7677 7679 180.0 0.0
 7669 7673 7671 7675 120.0 2.5
 7671 7664 7669 7667 120.0 2.5
 7798 7802 7804 7806 180.0 0.0
 7796 7800 7798 7802 120.0 2.5
 7798 7791 7796 7794 120.0 2.5
 7925 7929 7931 7933 180.0 0.0
 7923 7927 7925 7929 120.0 2.5
 7925 7918 7923 7921 120.0 2.5
 8052 8056 8058 8060 180.0 0.0
 8050 8054 8052 8056 120.0 2.5
 8052 8045 8050 8048 120.0 2.5
 8179 8183 8185 8187 180.0 0.0
 8177 8181 8179 8183 120.0 2.5
 8179 8172 8177 8175 120.0 2.5
 8454 8458 8460 8462 180.0 0.0
 8452 8456 8454 8458 120.0 2.5
 8454 8447 8452 8450 120.0 2.5
 8581 8585 8587 8589 180.0 0.0
 8579 8583 8581 8585 120.0 2.5
 8581 8574 8579 8577 120.0 2.5
 8708 8712 8714 8716 180.0 0.0
 8706 8710 8708 8712 120.0 2.5
 8708 8701 8706 8704 120.0 2.5
 8835 8839 8841 8843 180.0 0.0
 8833 8837 8835 8839 120.0 2.5
 8835 8828 8833 8831 120.0 2.5
 9036 9040 9042 9044 180.0 0.0
 9034 9038 9036 9040 120.0 2.5
 9036 9029 9034 9032 120.0 2.5
 9311 9315 9317 9319 180.0 0.0
 9309 9313 9311 9315 120.0 2.5
 9311 9304 9309 9307 120.0 2.5
 9438 9442 9444 9446 180.0 0.0
 9436 9440 9438 9442 120.0 2.5
 9438 9431 9436 9434 120.0 2.5
 9565 9569 9571 9573 180.0 0.0
 9563 9567 9565 9569 120.0 2.5
 9565 9558 9563 9561 120.0 2.5
 9692 9696 9698 9700 180.0 0.0
 9690 9694 9692 9696 120.0 2.5
 9692 9685 9690 9688 120.0 2.5
 9893 9897 9899 9901 180.0 0.0
 9891 9895 9893 9897 120.0 2.5
 9893 9886 9891 9889 120.0 2.5
 10020 10024 10026 10028 180.0 0.0
 10018 10022 10020 10024 120.0 2.5
 10020 10013 10018 10016 120.0 2.5
 10147 10151 10153 10155 180.0 0.0
 10145 10149 10147 10151 120.0 2.5
 10147 10140 10145 10143 120.0 2.5
 10274 10278 10280 10282 180.0 0.0
 10272 10276 10274 10278 120.0 2.5
 10274 10267 10272 10270 120.0 2.5
 10401 10405 10407 10409 180.0 0.0
 10399 10403 10401 10405 120.0 2.5
 10401 10394 10399 10397 120.0 2.5
 10528 10532 10534 10536 180.0 0.0
 10526 10530 10528 10532 120.0 2.5
 10528 10521 10526 10524 120.0 2.5
 10655 10659 10661 10663 180.0 0.0
 10653 10657 10655 10659 120.0 2.5
 10655 10648 10653 10651 120.0 2.5
 10782 10786 10788 10790 180.0 0.0
 10780 10784 10782 10786 120.0 2.5
 10782 10775 10780 10778 120.0 2.5
 10909 10913 10915 10917 180.0 0.0
 10907 10911 10909 10913 120.0 2.5
 10909 10902 10907 10905 120.0 2.5
 11036 11040 11042 11044 180.0 0.0
 11034 11038 11036 11040 120.0 2.5
 11036 11029 11034 11032 120.0 2.5
 11163 11167 11169 11171 180.0 0.0
 11161 11165 11163 11167 120.0 2.5
 11163 11156 11161 11159 120.0 2.5
 11290 11294 11296 11298 180.0 0.0
 11288 11292 11290 11294 120.0 2.5
 11290 11283 11288 11286 120.0 2.5
 11417 11421 11423 11425 180.0 0.0
 11415 11419 11417 11421 120.0 2.5
 11417 11410 11415 11413 120.0 2.5
 11544 11548 11550 11552 180.0 0.0
 11542 11546 11544 11548 120.0 2.5
 11544 11537 11542 11540 120.0 2.5
