 19
 146
 273
 400
 510
 601
 728
 855
 982
 1109
 1236
 1363
 1490
 1600
 1691
 1818
 1945
 2072
 2199
 2326
 2436
 2527
 2654
 2781
 2908
 3035
 3145
 3236
 3363
 3490
 3600
 3691
 3801
 3892
 4002
 4076
 4150
 4241
 4368
 4495
 4622
 4749
 4876
 5003
 5130
 5257
 5384
 5494
 5585
 5712
 5839
 5949
 6040
 6167
 6277
 6368
 6495
 6605
 6696
 6806
 6897
 7024
 7151
 7278
 7405
 7532
 7659
 7786
 7913
 8040
 8167
 8277
 8351
 8442
 8569
 8696
 8823
 8933
 9024
 9134
 9208
 9299
 9426
 9553
 9680
 9790
 9881
 10008
 10135
 10262
 10389
 10516
 10643
 10770
 10897
 11024
 11151
 11278
 11405
 11532
